{
    "Camera_matrix": {
        "type_id": "opencv-matrix",
        "rows": 3,
        "cols": 3,
        "dt": "d",
        "data": [ 3.8751671518825725e+02, 0.0, 3.1422564295500160e+02,
            0.0, 3.8904407206260424e+02, 1.8572301965503200e+02, 0.0,
            0.0, 1.0 ]
    },
    "DistCoeff": {
        "type_id": "opencv-matrix",
        "rows": 1,
        "cols": 5,
        "dt": "d",
        "data": [ 1.8692387475545907e-01, -7.7462791539974452e-01,
            -7.7084839616441032e-03, 1.4624899409850718e-04,
            1.2971993534830804e+00 ]
    },
    "RotationalV": {
        "type_id": "opencv-matrix",
        "rows": 4,
        "cols": 1,
        "dt": "3d",
        "data": [ -2.7438624992595373e-01, -2.9917707273350330e-01,
            -1.3779823557499287e+00, -3.8657890245790283e-01,
            2.7939650032508706e-01, 1.3304808768027550e+00,
            -1.6499910265366852e-01, 1.7538119869227903e-01,
            1.5075270423093385e+00, -3.4291690923866371e-04,
            -1.2213053251306123e-02, 1.5624910218541654e+00 ]
    },
    "TranslationV": {
        "type_id": "opencv-matrix",
        "rows": 4,
        "cols": 1,
        "dt": "3d",
        "data": [ -3.9500272202213047e+00, 9.6100019238220014e-01,
            1.0096791150571555e+01, 1.6345138818130958e+00,
            -3.7335601203012572e+00, 1.3435192203669967e+01,
            3.3374529116944571e+00, -2.6575377123533617e+00,
            1.3020952935659926e+01, 3.9801269826448888e+00,
            -2.3436050690109442e+00, 1.0668979126783926e+01 ]
    }
}
