{
    "Camera_Matrix": {
        "type_id": "opencv-matrix",
        "rows": 3,
        "cols": 3,
        "dt": "d",
        "data": [ 3.8751671518825725e+02, 0.0, 3.1422564295500160e+02,
            0.0, 3.8904407206260424e+02, 1.8572301965503200e+02, 0.0,
            0.0, 1.0 ]
    },
    "Distortion_Coefficients": {
        "type_id": "opencv-matrix",
        "rows": 1,
        "cols": 5,
        "dt": "d",
        "data": [ 1.8692387475545907e-01, -7.7462791539974452e-01,
            -7.7084839616441032e-03, 1.4624899409850718e-04,
            1.2971993534830804e+00 ]
    },
    "Extrinsic_Matrix": {
        "type_id": "opencv-matrix",
        "rows": 3,
        "cols": 4,
        "dt": "d",
        "data": [ 1.6545883234361605e-01, 9.8506276522866532e-01,
            -4.7694060002715560e-02, -3.9500272202213047e+00,
            -9.1615355648080088e-01, 1.7142683390320679e-01,
            3.6231961244942645e-01, 9.6100019238220014e-01,
            3.6508360103826543e-01, -1.6253897316576948e-02,
            9.3083283949104156e-01, 1.0096791150571555e+01 ]
    },
    "Projection_Matrix": {
        "type_id": "opencv-matrix",
        "rows": 3,
        "cols": 4,
        "dt": "d",
        "data": [ 1.7883669247725891e+02, 3.7662089570084783e+02,
            2.7400930200645837e+02, 1.6419691177863544e+03,
            -2.8861968143656821e+02, 6.3673870631705782e+01,
            3.1383538315981349e+02, 2.2490779694076714e+03,
            3.6508360103826543e-01, -1.6253897316576948e-02,
            9.3083283949104156e-01, 1.0096791150571555e+01 ]
    },
    "Rotation_Matrix": {
        "type_id": "opencv-matrix",
        "rows": 3,
        "cols": 3,
        "dt": "d",
        "data": [ 1.6545883234361605e-01, 9.8506276522866532e-01,
            -4.7694060002715560e-02, -9.1615355648080088e-01,
            1.7142683390320679e-01, 3.6231961244942645e-01,
            3.6508360103826543e-01, -1.6253897316576948e-02,
            9.3083283949104156e-01 ]
    }
}
