{
    "Camera_Matrix": {
        "type_id": "opencv-matrix",
        "rows": 3,
        "cols": 3,
        "dt": "d",
        "data": [ 3.8751671518825725e+02, 0.0, 3.1422564295500160e+02,
            0.0, 3.8904407206260424e+02, 1.8572301965503200e+02, 0.0,
            0.0, 1.0 ]
    },
    "Distortion_Coefficients": {
        "type_id": "opencv-matrix",
        "rows": 1,
        "cols": 5,
        "dt": "d",
        "data": [ 1.8692387475545907e-01, -7.7462791539974452e-01,
            -7.7084839616441032e-03, 1.4624899409850718e-04,
            1.2971993534830804e+00 ]
    },
    "Rotation_Matrix_1": {
        "type_id": "opencv-matrix",
        "rows": 3,
        "cols": 3,
        "dt": "d",
        "data": [ 1.6545883234361605e-01, 9.8506276522866532e-01,
            -4.7694060002715560e-02, -9.1615355648080088e-01,
            1.7142683390320679e-01, 3.6231961244942645e-01,
            3.6508360103826543e-01, -1.6253897316576948e-02,
            9.3083283949104156e-01 ]
    },
    "Rotation_Matrix_2": {
        "type_id": "opencv-matrix",
        "rows": 3,
        "cols": 3,
        "dt": "d",
        "data": [ 2.1983418553352990e-01, -9.7529199436152458e-01,
            -2.1873650932792699e-02, 8.8410828778111794e-01,
            1.8970344462105959e-01, 4.2704231473665999e-01,
            -4.1234144388788951e-01, -1.1321717552220012e-01,
            9.0396703746277507e-01 ]
    },
    "Rotation_Matrix_3": {
        "type_id": "opencv-matrix",
        "rows": 3,
        "cols": 3,
        "dt": "d",
        "data": [ 5.5310444756331650e-02, -9.9838775801049695e-01,
            1.2753013590143247e-02, 9.7465134709155721e-01,
            5.6759783494102656e-02, 2.1640951594215013e-01,
            -2.1678446972389404e-01, 4.6003529884730554e-04,
            9.7621938213398241e-01 ]
    },
    "Translation_Vectors": {
        "type_id": "opencv-matrix",
        "rows": 4,
        "cols": 1,
        "dt": "3d",
        "data": [ -3.9500272202213047e+00, 9.6100019238220014e-01,
            1.0096791150571555e+01, 1.6345138818130958e+00,
            -3.7335601203012572e+00, 1.3435192203669967e+01,
            3.3374529116944571e+00, -2.6575377123533617e+00,
            1.3020952935659926e+01, 3.9801269826448888e+00,
            -2.3436050690109442e+00, 1.0668979126783926e+01 ]
    }
}
